489,
490,1 
491,1
492,2 
493,1
494,3
495, 
496,2
497,1
499,3
501,1
502,1
503,1
504,1
505,2
506,3
507,2
508,2
509,
510,
511,
512,
513,4
514,
515,
516,
517,2
518,
519,3
520,
521,1
522,3
523,1
524,
525,2
526,
527,3
528,1
529,
530,
531,
532,
533,
534,3
535,
536,2
537,
562,3
563,3
564,1
565,1
566,3
567,1 
568,4
569,4
570,4
571,3
572,1
573,
574,4
575,4
576,4
585,3
586,2
587,1
588,1
589,1
590,2
591,
592,
593,
594,1
595,3
596,
597,
598,
599,
600,2
601,
602,
603,
649,3
650,
651,2
652,
653,
654,
655,3
656,2
657,2
658,2
659,
660,3
661,
662,2
663,2
664,3
665,2
666,
667,2
668,2
669,2
670,
671,
672,
673,
674,
675,3
676,2
677,
678,2
679,
680,3
681,
682,
683,
684,
685,
686,3
687,3
688,
689,2
690,
707,3
708,
709,
710,
711,
712,3
713,1
714,
715,3
716,
717,
718,
719,2
720,
721,
722,3
723,
724,
725,
726,
727,
728,
729,
730,
731,1
732,
733,
734,
735,2
736,2
737,3
738,
739,
740,
759,
760,
761,3
762,3
763,
764,3
765,
766,2
770,3
771,
772,1
773,
774,
775, 
776,1
777,3
778,1
779,1
780,3
781,
782,
783,3
784,
785,
786,
787,
788,3
789,4
790,
791,4
792,
793,
794,4
795,1
796,1
797,4
798,1
799,1
800,1
801,1
802,3
803,
804,3
805,3
806,1
807,
808,1
809,
810,
811, 
812,
813,
814,
815,1
816,1
817,
818,
819,1
820,
821,
822,
823,
824,3
825,1
826,
827,1
828,1
829,
830,
831,
832,
833,1
834,1
835,3
836,1
837,1
838,1
839,
840,1
841,1
842,1
843,2
844,1
845,1
846,1
847,1
848,1
849,1
850,1
851,1
852,1
853,1
854,2
855,2
856,1
857,2
858,
859,4
860,1
861,1
862,
863,1
864,3
865,3
866,1
867,1
868,3
869,1
870,3
871,
872,
873,2
874,3
875,
876,2
877,
878,
879,1
880,1
881,
882,3
883,
884,2
885,1
886,2
887,
888,2
889,
890,
891,
892,1
893,2
894,
895,
896,1
897,
898,2
899,1
900,
901,
902,
919,1
920,1
921,1
922,1
923,3
924,
925,1
926,
927,1
928,1
929,1
930,1
931,
932,2
933,
934,1
935,
936,3
937,
938,1
939,1
1090,1
1091,
1092,
1093,3
1094,3
1095,3
1096,
1097,
1098, 
1099, 
1100,3
1101,2
1102, 
1103, 
1104, 
1105,3
1106,4 
1107, 
1108, 
1115,3
1116, 
1117, 
1118, 
1119, 
1120, 
1121,3 
1122, 
1123, 
1124, 
1125, 
1126,3 
1127, 
1128, 
1129,2
1130,2
1131,3 
1132,2 
1133,
1134, 
1135,3 
1136, 
1137,4 
1138, 
1154,3 
1155,2 
1156,2 
1157,2
1158,1
1159,4 
1160,2 
1161, 
1162, 
1163,2 
1164,3
1165,4 
1166, 
1167, 
1172,3
1173,2 
1174,3 
1175, 
1176,3 
1177, 
1178,3 
1179,1 
1180,2 
1181,4 
1182,3 
1183, 
1184, 
1185, 
1186, 
1187,3 
1188, 
1189, 
1190,2 
1191, 
1192,3 
1203,3 
1204,2 
1205,2 
1206, 
1207, 
1208,3 
1209, 
1210, 
1211, 
1212,2 
1213, 
1214,3 
1215, 
1216, 
1217,2 
1218,
1219,
1220,
1221, 
1222,2 
1223,2
1224, 
1225,3 
1226, 
1227,2 
1228,2
1229,2 
1230,3 
1231, 
1232,3
1233,3
1234,3
1235,2
1236,2
1237,
1238,
1239,2
1240,3
1241,3
1242,3
1243,
1244,3
1245,2
1246,
1247,2
1248,2
1249,2
1250,3
1251,2
1252,
1253,
1254,
1255,3
1256,
1257,
1258,4
1259,2
1260,
1261,
1262,2
1263,
1264,3
1265,
1266,
1267,3
1268,
1269,
1270,
1271,
1272,2
1273,
1274,
1275,
1276,
1277,
1278,
1279,
1280,
1281,
1282,
1283,
1284,
1285,3
1286, 
1287,2
1288,3
1289,
1290,
1291,2
1292,
1293,2
1294,3
1295,
1296,
1297,
1298,
1299,3
1300,
1301,
1302,
1303,
1304,3
1305,2
1306,
1307,
1308,
1309,3
1310,
1311,
1312,
1313, 
1314, 
1315,3 
1316,
1317,
1318,
1319,
1320,
1321,3
1322,
1323,
1324,
1325,
1326,
1327,3
1328,
1329,
1330,
1331,2
1332,
1333,3
1334,
1335,
1336,
1337,
1338,3
1339,
1340,
1341,
1342,
1343,
1344,3
1345,
1346,
1347,
1348,
1349,
1350,
1351,
1352,
1353,
1354,
1355,
1356,
1357,
1358,
1359,
1360,3
1361,
1362,
1363,
1364,
1365,
1366,3
1367,
1368,
1369,3
1370,
1371,
1372,
1373,
1374,3
1375,
1376,2
1377,
1378,
1379,
1380,3
1381,
1382,
1383,
1384,
1385,
1386,3
1387,
1388,
1389,
1390,
1391,
1392,3
1393,
1394,
1395,
1396,
1397,
1398,
1399,
1400,
1401,
1402,
1403,
1404,3
1405,2
1406,
1407,
1408,3
1409,
1410,
1411,
1412,
1413,
1414,3
1415,
1416,
1417,
1418,
1419,
1420,
1421,
1422,
1423,
1424,
1425,3
1426,
1427,
1428,
1429,
1430,
1431,
1432,
1433,2
1434,3
1435,
1436,
1437,
1438,3
1439,
1440,
1441,
1442,
1443,3
1444,
1445,
1446,
1447,
1448,
1449,3
1450,
1451,
1452,
1453,
1454,
1455,
1456,
1457,
1458,
1459,3
1460,
1461,
1462,
1463,
1464,
1484,1
1485,1
1486,
1487,
1488,3
1489,
1490,
1491,
1492,
1493,3
1494,
1495,
1496,3
1497,
1498,
1499,3
1500,1
1501,1
1526,3
1527,2
1528,
1529,2
1530,
1531,1
1532,
1533,1
1534,
1535,
1536,1
1537,3
1538,1
1539,
1546,3
1547,
1548,1
1549,3
1550,
1551,
1552,
1553,3
1554,
1555,
1556,
1557,
1558,3
1559,3
1560,
1561,
1562,3
1563,
1657,
1658,4
1659,2
1660,
1661,
1662,
1663,4
1664,
1665,
1666,
1667,
1668,1
1669,1
1670,1
1671,2
1672,
1673,1
1674,3
1675,2
1676,
1677,
1678,
1679,
1680,4
1681,1
1682,
1683,2
1684,
1685,4
1686,
1687,
1688,
1689,
1690,4
1691,
1692,
1693,
1694,4
1695,
1696,
1697,
1698,
1699,
1700,
1701,1
1702,
1703,1
1704,
1705,3
1706,
1707,
1708,
1709,
1710,3
1711,1
1712,1
1713,1
1714,1
1715,3
1716,
1717,
1718,2
1719,
1720,
1721,4
1722,
1723,
1724,
1725,
1726,
1727,3
1728,
1729,
1730,
1731,
1732,
1733,
1734,
1735,
1736,2
1737,4
1738,2
1739,2
1740,
1741,
1742,
1743,
1744,
1745,
1746,
1747,1
1748,1
1749,1
1750,3
1751,1
1752,1
1753,3
1754,
1755,2
1756,
1757,
1758,
1759,
1760,1
1761,1
1762,1
1763,1
1764,1
1765,1
1766,1
1767,1
1768,1
1769,1
1770,1
1771,1
1772,1
1773,1
1774,1
1775,1
1776,1
1777,1
1778,
1866,
1867,2
1868,
1869,
1870,
1871,
1872,
1873,
1874,
1875,
1876,1
1877,
1878,
1879,2
1880,
1881,
1882,
1883,
1884,
1885,
1886,1
1887,
1888,
1889,
1890,
1891,2
1892,
1893,
1894,
1895,
1896,
1897,
1898,
1899,
1900,
1901,2
1902,
1903,
1904,1
1905,
1906,
1907,3
1908,
1909,1
1910,
1911,
1912,
1913,
1914,1
1915,
1916,2
1917,
1918,
1919,3
1920,
1921,
1922,
1923,
1924,1
1925,
1926,1
1927,
1928,
1929,2
1930,2
1931,
1932,
1933,2
1934,
1935,
1936,
1937,2
1938,
1939,2
1940,
1941,
1942,
1943,
1944,
1945,
1946,
1947,3
1948,1
1949,
1950,
1951,3
1952,
1953,
1954,
1955,
1956,2
1957,
1958,3
1959,
1960,2
1961,
1962,3
1963,
1964,
1965,
1966,
1967,
1968,
1969,
1970,
1971,2
1972,2
1973,
1974,3
1975,
1976,
1977,
1978,
1979,
1980,
1981,3
1982,
1983,
1984,
1985,
1986,
1987,
1988,
1989,
1990,
1991,
1992,
1993,
1994,
1995,
1996,2
1997,
1998,1
1999,
2000,
2001,3
2002,
2003,
2004,2
2005,3
2006,
2007,2
2008,
2009,
2010,3
2011,
2012,
2013,
2014,
2024,3
2025,4
2026,4
2027,
2028,4
2029,3
2030,3
2031,4
2032,4
2033,
2034,
2035,3
2036,
2037,3
2038,
2039,4
2040,
2041,
2042,
2043,4
2044,
2045,
2046,
2047,
2048,2
2049,
2050,3
2051,
2052,
2053,
2054,3
2055,4
2056,4
2057,4
2058,4
2059,
2060,
2061,
2062,4
2063,
2064,
2065,
2066,4
2067,
2068,4
2069,3
2070,
2071,
2072,3
2073,3
2074,3
2075,
2076,
2077,
2078,
2079,
2080,
2081,3
2082,4
2083,4
2084,3
2085,
2086,3
2087,3
2088,3
2089,
2090,
2091,
2092,
2093,
2094,
2095,
2096,
2097,
2098,
2099,
2100,
2101,
2102,4
2103,
2104,
2105,4
2106,
2107,
2108,
2109,
2110,3
2111,4
2112,1
2113,3
2114,3
2115,4
2116,1
2117,
2118,
2119,
2120,
2121,
2122,3
2123,4
2124,1
2125,
2126,
2127,3
2128,3
2129,
2130,4
2131,1
2132,3
2133,
2134,1
2135,
2136,
2137,
2138,4
2139,
2140,
2141,
2142,
2155,
2156,
2157,
2158,
2159,
2160,
2161,
2162,
2163,
2164,
2165,
2166,3
2167,1
2168,
2169,3
2170,
2171,
2172,
2173,3
2174,
2175,
2176,2
2177,
2178,
2179,
2180,3
2181,3
2182,
2183,
2184,
2185,3
2186,3
2187,
2188,
2189,
2190,4
2191,
2192,
2193,3
2194,
2195,3
2196,
2197,3
2198,
2199,4
2200,
2201,
2202,
2203,
2204,
2205,3
2206,
2207,
2208,
2209,
2210,
2211,
2212,
2213,
2214,
2215,
2216,2
2217,
2222,3
2223,4
2224,4
2225,4
2226,4
2227,
2228,3
2229,
2230,
2231,4
2232,3
2233,
2234,
2235,
2236,3
2237,3
2238,4
2239,
2240,
2241,
2242,
2243,3
2244,
2245,
2246,
2247,3
2248,3
2249,
2250,3
2251,
2252,
2253,4
2254,3
2259,3
2260,
2261,1
2262,1
2263,
2264,
2265,1
2266,1
2267,1
2268,1
2269,
2270,
2271,
2272,
2273,
2274,3
2275,1
2276,
2277,
2278,
2279,
2280,3
2281,
2282,
2283,
2284,1
2285,1
2286,1
2287,1
2288,3
2289,1
2290,
2291,3
2292,
2293,
2294,
2295,
2296,3
2297,
2298,
2299,
2300,
2301,
2302,3
2303,
2304,
2305,
2306,
2307,
2308,
2309,3
2310,
2311,
2312,3
2313,3
2314,
2315,
2316,
2317,
2318,
2319,3
2320,
2321,
2322,
2323,
2324,
2325,
2326,
2327,
2328,
2329,3
2330,
2331,
2332,
2333,
2334,
2335,3
2336,
2337,3
2338,
2339,
2340,
2341,3
2342,
2343,
2344,
2345,
2346,
2347,3
2348,
2349,
2350,
2351,
2352,
2353,
2354,
2355,
2356,
2357,
2358,
2359,
2360,3
2361,
2362,
2363,3
2364,
2365,
2366,
2367,3
2368,
2369,
2370,
2371,
2372,
2373,
2374,
2375,
2376,
2377,3
2378,
2379,3
2380,
2381,
2382,
2383,
2384,
2385,3
2386,
2387,
2388,
2389,
2390,
2391,
2392,
2393,
2394,
2395,3
2396,
2397,
2398,
2399,
2400,
2401,3
2402,3
2403,
2404,
2405,
2406,
2407,3
2408,
2409,
2410,
2411,
2412,3
2413,
2414,
2415,
2416,
2417,
2418,
2419,
2420,
2421,
2422,3
2423,
2424,
2425,
2426,
2427,
2428,
2429,
2430,
2431,
2432,3
2433,
2434,
2435,
2436,
2437,3
2438,
2439,
2440,
2441,
2442,
2443,3
2444,1
2445,
2446,
2447,
2448,3
2449,
2450,3
2451,3
2452,4
2453,3
2454,3
2455,4
2456,3
2457,4
2458,4
2459,4
2460,
2461,
2462,2
2463,
2464,3
2465,
2466,3
2467,
2468,
2469,
2470,
2471,
2472,3
2473,
2474,3
2475,
2476,
2477,
2478,
2479,3
2480,
2481,
2482,3
2483,3
2484,
2485,
2486,
2487,
2488,
2489,
2490,
2491,
2492,3
2493,
2494,
2495,
2496,
2497,3
2498,
2499,
2500,
2501,
2502,
2503,3
2504,3
2505,3
2506,
2507,
2508,
2509,
2510,4
2511,3
2512,
2513,
2514,3
2515,
2516,
2517,
2518,
2519,3
2520,
2521,
2522,
2523,
2524,
2525,3
2526,
2527,
2528,
2529,
2530,
2531,
2532,
2533,
2534,3
2535,3
2536,3
2537,
2538,
2539,3
2540,
2541,3
2542,
2543,
2544,
2545,
2546,
2547,
2548,
2549,
2550,3
2551,
2552,
2553,
2554,
2555,3
2556,
2557,
2558,
2559,
2560,3
2561,
2562,
2563,
2564,
2565,
2566,3
2567,
2568,
2569,
2570,
2571,
2572,3
2573,
2574,
2575,
2576,4
2577,
2578,
2579,
2580,
2581,3
2582,
2583,
2584,
2585,
2586,
2587,3
2588,3
2589,3
2590,3
2591,
2592,3
2593,
2594,
2595,
2596,
2597,3
2598,3
2599,3
2600,
2601,
2602,3
2603,
2604,
2605,3
2606,
2607,
2608,3
2609,
2610,3
2611,
2612,
2613,3
2614,
2615,
2616,
2617,
2618,
2619,
2620,
2621,
2622,
2623,
2624,
2625,
2626,
2627,
2628,3
2629,3
2630,3
2631,3
2632,3
2633,3
2634,
2635,3
2636,3
2637,3
2638,3
2639,3
2640,
2641,3
2642,
2643,3
2644,
2645,3
2646,
2647,
2648,
2649,
2650,3
2651,
2652,
2653,
2654,
2655,
2656,3
2657,
2658,
2659,3
2660,
2661,
2662,
2663,
2664,3
2665,
2666,
2667,
2668,3
2669,3
2670,
2671,
2672,
2673,
2674,
2675,
2676,
2677,
2678,3
2679,3
2680,4
2681,4
2682,3
2683,
2684,4
2685,4
2686,
2687,
2688,
2689,3
2690,
2691,
2692,1
2693,1
2694,
2695,
2696,3
2697,4
2698,
2699,
2700,
2701,
2702,
2703,3
2704,
2705,3
2706,
2707,3
2708,
2709,1
2710,1
2711,1
2712,
2713,3
2714,
2715,
2716,
2717,
2718,1
2719,
2720,
2721,
2722,
2723,1
2724,1
2725,
2726,3
2727,
2728,
2729,
2730,3
2731,
2732,
2733,
2734,3
2735,
2736,3
2737,
2738,3
2739,
2740,
2741,3
2742,
2743,3
2744,
2745,1
2746,
2747,3
2748,
2749,
2750,
2751,3
2752,
2753,
2754,
2755,
2756,3
2757,
2758,
2759,
2760,
2761,3
2762,1
2763,1
2764,3
2765,
2766,
2767,
2768,1
2769,3
2770,
2771,1
2772,
2773,3
2774,
2775,
2776,
2777,
2778,4
2779,3
2780,4
2781,4
2782,4
2783,4
2784,
2785,4
2786,
2787,1
2788,
2789,
2790,
2791,3
2792,
2793,3
2794,
2795,
2796,
2797,
2798,
2799,
2800,
2801,
2802,3
2803,1
2804,
2805,
2806,1
2807,3
2808,
2809,
2810,
2811,
2812,4
2813,
2814,
2815,
2816,
2817,3
2818,
2819,
2820,
2821,3
2822,
2823,
2824,3
2825,
2826,
2827,
2828,3
2829,
2830,1
2831,3
2832,
2833,3
2834,
2835,4
2836,3
2837,
2838,
2839,
2840,
2841,
2842,3
2843,
2844,
2845,
2846,
2847,3
2848,
2849,
2850,3
2851,
2852,
2853,
2854,
2855,
2856,3
2857,
2858,
2859,
2860,
2861,3
2862,1
2863,
2864,
2865,1
2866,
2867,3
2868,
2869,
2870,3
2871,
2872,2
2873,
2874,1
2875,1
2876,
2877,
2878,
2879,
2880,4
2881,3
2882,4
2883,3
2884,4
2885,3
2886,4
2887,3
2888,
2889,3
2890,
2891,
2892,
2893,3
2894,
2895,
2896,
2897,1
2898,3
2899,
2900,3
2901,
2902,
2903,3
2904,
2905,
2906,
2907,
2908,
2909,
2910,
2911,
2912,
2913,
2914,
2915,
2916,3
2917,
2918,
2919,3
2920,
2921,
2922,
2923,
2924,3
2925,
2926,3
2927,
2928,
2929,3
2930,4
2931,3
2932,1
2933,4
2934,4
2935,
2936,1
2937,1
2938,1
2939,
2940,3
2941,
2942,3
2943,
2944,
2945,3
2946,
2947,
2948,3
2949,4
2950,
2951,
2952,4
2953,
2954,
2955,
2956,3
2957,
2958,
2959,4
2960,4
2961,3
2962,
2963,4
2964,1
2965,1
2966,
2967,1
2968,4
2969,4
2970,1
2971,3
2972,4
2973,4
2974,1
2975,3
2976,1
2977,1
2978,3
2979,1
2980,
2981,1
2982,3
2983,1
2984,
2985,
2986,3
2987,
2988,1
2989,
2990,
2991,
2992,3
2993,
2994,
2995,
2996,3
2997,
2998,
2999,
3000,
3001,3
3002,
3003,
3004,3
3005,
3006,
3007,
3008,
3009,
3010,3
3011,
3012,
3013,
3014,3
3015,
3016,
3017,
3018,
3019,
3020,
3021,
3022,
3023,
3024,
3025,
3026,
3027,
3028,
3029,
3030,
3031,
3032,
3033,
3034,
3035,3
3036,
3037,
3038,
3039,3
3040,
3041,
3042,
3043,
3044,4
3045,
3046,
3047,
3048,
3049,3
3050,
3051,
3052,
3053,3
3054,
3055,
3056,
3057,
3058,3
3059,
3060,
3061,2
3062,
3063,
3064,
3065,
3066,3
3067,
3068,
3069,
3070,3
3071,
3072,
3073,
3074,
3075,
3076,3
3077,
3078,
3079,
3080,
3081,4
3082,
3083,
3084,
3085,3
3086,
3087,4
3088,
3089,
3090,3
3091,
3092,
3093,
3094,
3095,
3096,
3097,
3098,
3099,
3100,
3101,
3102,
3103,3
3104,3
3105,2
3106,
3107,
3108,
3109,4
3110,2
3111,
3112,
3113,3
3114,
3115,
3116,
3117,
3118,
3119,
3120,
3121,
3122,
3123,
3124,
3125,3
3126,
3127,
3128,
3129,
3130,
3131,
3132,
3133,
3134,3
3135,
3136,
3137,
3138,
3139,
3140,
3141,
3142,
3143,3
3144,
3145,
3146,
3147,
3148,3
3149,
3150,
3151,
3152,
3153,3
3154,
3155,
3156,
3157,3
3158,
3159,
3160,
3161,
3162,3
3163,4
3164,
3165,
3166,
3167,
3168,3
3169,
3170,
3171,
3172,
3173,4
3174,3
3175,
3176,
3177,3
3178,3
3179,
3180,3
3181,3
3182,3
3183,
3184,
3185,
3186,
3187,
3188,3
3189,
3190,3
3191,
3192,3
3193,3
3194,3
3195,
3196,
3197,
3198,
3199,3
3200,
3201,
3202,
3203,
3204,3
3205,
3206,
3207,3
3208,
3209,
3210,
3211,
3212,
3213,3
3214,
3215,
3216,
3217,
3218,
3219,3
3220,3
3221,
3222,3
3223,
3224,
3225,
3226,
3227,3
3228,
3229,
3230,
3231,
3232,
3233,3
3234,
3235,
3236,
3237,
3238,1
3239,
3240,
3241,
3242,
3243,
3244,1
3245,1
3246,1
3247,1
3248,1
3249,3
3250,1
3251,4
3252,4
3253,4
3254,3
3255,1
3256,
3257,
3258,3
3259,1
3260,
3261,
3262,4
3263,
3264,1
3265,
3266,3
3267,1
3268,
3269,
3270,3
3271,
3272,3
3273,
3274,
3275,
3276,
3277,3
3278,
3279,
3280,
3281,
3282,3
3283,4
3284,3
3285,1
3286,3
3287,
3288,
3289,
3290,
3291,
3292,3
3293,
3294,
3295,
3296,
3297,
3298,4
3299,
3300,
3301,4
3302,1
3303,
3304,
3305,3
3306,
3307,
3308,
3309,
3310,
3311,
3312,
3313,
3314,
3315,4
3316,
3317,
3318,
3319,
3320,3
3321,
3322,
3323,
3324,
3325,
3326,3
3327,
3328,
3329,
3330,
3331,
3332,
3333,
3334,
3335,
3336,4
3337,
3338,
3339,
3340,
3341,
3342,
3343,
3344,
3345,
3346,
3347,
3348,
3349,
3350,
3351,3
3352,
3353,
3354,
3355,
3356,
3357,
3358,
3359,
3360,
3361,
3362,
3363,
3364,
3365,
3366,3
3367,3
3368,3
3369,
3370,2
3371,2
3372,2
3373,
3374,3
3375,
3376,
3377,
3378,
3379,
3380,
3381,
3382,
3383,3
3384,
3385,
3386,
3387,
3388,3
3389,
3390,
3391,
3392,
3393,
3394,3
3395,
3396,
3397,
3398,3
3399,
3400,
3401,
3402,
3403,
3404,1
3405,1
3406,
3407,4
3408,1
3409,1
3410,3
3411,
3412,
3413,1
3414,
3415,
3416,
3417,
3418,3
3419,
3420,
3421,
3422,
3423,3
3424,
3425,
3426,
3427,
3428,
3429,
3430,
3431,
3432,
3433,
3434,3
3435,
3436,
3437,
3438,
3439,3
3440,
3441,4
3442,
3443,
3444,3
3445,
3446,4
3447,3
3448,
3449,
3450,
3451,
3452,3
3453,
3454,1
3455,
3456,4
3457,
3458,4
3459,3
3460,3
3461,3
3462,
3463,3
3464,
3465,
3466,3
3467,3
3468,3
3469,4
3470,3
3471,4
3472,3
3473,4
3474,3
3475,
3476,3
3477,
3478,3
3479,
3480,4
3481,3
3482,3
3483,
3484,
3485,1
3486,3
3487,4
3488,1
3489,
3490,
3491,1
3492,
3493,
3494,
3495,
3496,
3497,3
3498,1
3499,
3500,
3501,
3502,
3503,1
3504,
3505,
3506,
3507,3
3508,2
3509,
3510,
3511,
3512,
3513,3
3514,2
3515,
3516,
3517,
3518,
3519,3
3520,
3521,1
3522,
3523,
3524,
3525,3
3526,2
3527,
3528,
3529,3
3530,
3531,2
3532,2
3533,2
3534,2
3535,
3536,
3537,
3538,
3539,3
3540,
3541,
3542,
3543,
3544,
3545,3
3546,
3547,
3548,1
3549,
3550,
3551,
3552,
3553,
3554,2
3555,
3556,
3557,3
3558,1
3559,
3560,
3561,
3562,
3563,3
3564,
3565,
3566,
3567,
3568,3
3569,
3570,
3571,
3572,
3573,
3574,
3575,
3576,
3577,
3578,1
3579,3
3580,
3581,
3582,
3583,
3584,
3585,3
3586,
3587,
3588,
3589,
3590,
3591,1
3592,
3593,
3594,
3595,
3596,
3597,3
3598,
3599,
3600,
3601,
3602,3
3603,
3604,
3605,
3606,1
3607,3
3608,
3609,
3610,
3611,
3612,
3613,3
3614,1
3615,
3616,
3617,
3618,3
3619,
3620,
3621,
3622,2
3623,
3624,
3625,
3626,2
3627,
3628,
3629,
3630,
3631,
3632,
3633,
3634,
3635,3
3636,
3637,
3638,
3639,
3640,
3641,
3642,
3643,
3644,
3645,
3646,
3647,
3648,
3649,
3650,
3651,
3652,
3653,
3654,
3655,1
3656,
3657,
3658,
3659,
3660,
3661,
3662,
3663,
3664,
3665,1
3666,
3667,
3668,
3669,
3670,1
3671,1
3672,1
3673,
3674,
3675,
3676,
3677,
3678,1
3679,
3680,
3681,
3682,
3683,
3684,2
3685,
3686,
3687,
3688,
3689,1
3690,1
3691,3
3692,
3693,
3694,1
3695,3
3696,4
3697,4
3698,3
3699,4
3700,3
3701,4
3702,1
3703,1
3704,1
3705,1
3706,
3707,
3708,
3709,
3710,
3711,3
3712,
3713,
3714,1
3715,2
3716,
3717,1
3718,
3719,
3720,
3721,3
3722,1
3723,1
3724,
3725,
3726,
3727,3
3728,1
3729,1
3730,
3731,3
3732,1
3733,
3734,
3735,
3736,1
3737,
3738,
3739,
3740,
3741,
3742,
3743,
3744,
3745,
3746,1
3747,3
3748,4
3749,3
3750,3
3751,4
3752,3
3753,1
3754,
3755,
3756,3
3757,3
3758,3
3759,1
3760,3
3761,3
3762,
3763,3
3764,3
3765,3
3766,1
3767,3
3768,
3769,1
3770,1
3771,1
3772,
3773,1
3774,
3775,3
3776,1
3777,
3778,1
3779,3
3780,1
3781,
3782,1
3783,3
3784,1
3785,
3786,
3787,1
3788,3
3789,1
3790,1
3791,
3792,1
3793,1
3794,
3795,3
3796,
3797,
3798,
3799,
3800,3
3801,3
3802,1
3803,3
3804,3
3805,1
3806,1
3807,3
3808,1
3809,
3810,1
3811,
3812,3
3813,3
3814,1
3815,
3816,3
3817,1
3818,1
3819,1
3820,1
3821,3
3822,1
3823,3
3824,3
3825,1
3826,
3827,1
3828,
3829,3
3830,
3831,
3832,
3833,1
3834,3
3835,1
3836,3
3837,1
3838,3
3839,3
3840,1
3841,1
3842,3
3843,3
3844,3
3845,1
3846,1
3847,3
3848,2
3849,
3850,
3851,2
3852,4
3853,3
3854,
3855,1
3856,1
3857,3
3858,1
3859,3
3860,
3861,4
3862,
3863,
3864,
3865,
3866,4
3867,
3868,
3869,4
3870,
3871,
3872,
3873,
3874,4
3875,
3876,
3877,
3878,4
3879,
3880,
3881,
3882,4
3883,
3884,4
3885,
3886,3
3887,4
3888,
3889,4
3890,
3891,4
3892,
3893,
3894,1
3895,
3896,1
3897,
3898,3
3899,
3900,
3901,
3902,1
3903,
3904,
3905,1
3906,
3907,
3908,
3909,
3910,
3911,1
3912,
3913,
3914,1
3915,
3916,
3917,
3918,4
3919,
3920,4
3921,
3922,
3923,
3924,
3925,
3926,
3927,
3928,
3929,
3930,
3931,
3932,1
3933,
3934,
3935,1
3936,
3937,
3938,1
3939,
3940,4
3941,
3942,1
3943,
3944,
3945,
3946,
3947,
3948,
3949,
3950,1
3951,
3952,
3953,
3954,1
3955,1
3956,3
3957,
3958,1
3959,1
3960,4
3961,4
3962,
3963,4
3964,1
3965,
3966,4
3967,3
3968,3
3969,
3970,1
3971,1
3972,
3973,1
3974,1
3975,
3976,1
3977,
3978,1
3979,3
3980,1
3981,
3982,1
3983,
3984,1
3985,
3986,1
3987,
3988,
3989,
3990,4
3991,4
3992,
3993,4
3994,
3995,
3996,
3997,
3998,4
3999,
4000,
4001,
4002,
4003,
4004,
4005,
4006,
4007,
4008,
4009,3
4010,1
4011,
4012,3
4013,4
4014,1
4015,1
4016,4
4017,3
4018,
4019,3
4020,2
4021,3
4022,3
4023,
4024,
4025,4
4026,
4027,
4028,
4029,1
4030,3
4031,4
4032,4
4033,3
4034,
4035,3
4036,
4037,
4038,4
4039,4
4040,3
4041,3
4042,3
4043,3
4044,
4045,
4046,
4047,3
4048,
4049,
4050,2
4051,
4052,
4053,
4054,3
4055,
4056,3
4057,
4058,3
4059,1
4060,
4061,
4062,3
4063,1
4064,1
4065,1
4066,3
4067,3
4068,4
4069,3
4070,4
4071,1
4072,4
4073,2
4074,1
4075,2
4076,4
4077,4
4078,2
4079,3
4080,
4081,
4082,3
4083,
4084,4
4085,3
4086,4
4087,2
4088,
4089,1
4090,3
4091,
4092,4
4093,4
4094,3
4095,3
4096,
4097,
4098,3
4099,
4100,
4101,3
4102,3
4103,
4104,1
4105,
4106,4
4107,2
4108,
4109,
4110,4
4111,3
4112,
4113,
4114,3
4115,
4116,3
4117,
4118,2
4119,1
4120,1
4121,
4122,2
4123,1
4124,
4125,
4126,
4127,
4128,
4129,
4130,
4131,
4132,3
4133,
4134,
4135,
4136,
4137,
4138,
4139,
4140,
4141,
4142,3
4143,3
4144,3
4145,1
4146,
4147,
4148,1
4149,
4150,3
4151,
4152,4
4153,3
4154,
4155,
4156,
4157,
4158,
4159,
4160,
4161,4
4162,4
4163,
4164,1
4165,
4166,
4167,
4168,
4169,3
4170,
4171,
4172,2
4173,3
4174,
4175,
4176,
4177,
4178,3
4179,1
4180,2
4181,2
4182,
4183,2
4184,
4185,3
4186,3
4187,1
4188,3
4189,
4190,
4191,2
4192,
4193,2
4194,3
4195,4
4196,4
4197,4
4198,3
4199,
4200,
4201,
4202,
4203,3
4204,4
4205,3
4206,
4207,
4208,3
4209,
4210,
4211,1
4212,
4213,2
4214,
4215,2
4216,2
4217,2
4218,2
4219,3
4220,2
4221,
4222,
4223,
4224,
4225,
4226,
4227,
4228,
4229,
4230,
4231,
4232,
4233,3
4234,4
4235,4
4236,3
4237,4
4238,3
4239,
4240,4
4241,3
4242,4
4243,4
4244,
4245,3
4246,
4247,4
4248,4
4249,3
4250,
4251,3
4252,
4253,4
4254,3
4255,
4256,4
4257,
4258,4
4259,
4260,
4261,
4262,3
4263,
4264,
4265,4
4266,
4267,2
4268,3
4269,4
4270,
4271,
4272,2
4273,2
4274,3
4275,
4276,4
4277,
4278,4
4279,3
4280,2
4281,2
4282,
4283,3
4284,
4285,
4286,2
4287,3
4288,
4289,2
4290,
4291,1
4292,4
4293,
4294,4
4295,
4296,3
4297,
4298,
4299,4
4300,3
4301,
4302,2
4303,2
4304,2
4305,4
4306,
4307,
4308,
4309,4
4310,4
4311,3
4312,2
4313,2
4314,
4315,4
4316,
4317,3
4318,2
4319,
4320,3
4321,
4322,1
4323,1
4324,1
4325,1
4326,1
4327,1
4328,
4329,3
4330,1
4331,1
4332,3
4333,2
4334,
4335,2
4336,
4337,
4338,2
4339,2
4340,3
4341,
4342,2
4343,3
4344,
4345,2
4346,3
4347,1
4348,1
4349,1
4350,1
4351,1
4352,
4353,1
4354,1
4355,1
4356,
4357,2
4358,
4359,2
4360,3
4361,
4362,2
4363,2
4364,3
4365,4
4366,3
4367,4
4368,4
4369,4
4370,3
4371,
4372,
4373,2
4374,3
4383,2
4384,
4385,4
4386,3
4387,
4388,2
4389,3
4390,
4391,
4392,2
4393,
4394,
4395,3
4396,
4397,
4398,
4399,
4400,2
4401,1
4402,1
4403,
4404,3
4405,
4406,
4407,
4408,
4409,4
4410,4
4411,1
4412,4
4413,
4414,1
4415,3
4416,
4417,3
4418,
4419,3
4420,1
4421,4
4422,1
4423,1
4424,
4425,4
4426,3
4427,
4428,4
