494
499
504
506
513
519
521
522
523
527
528
534
562
563
564
566
567
568
569
570
571
572
573
574
575
576
585
589
595
597
600
602
603
649
651
653
655
656
657
658
659
660
664
665
675
680
686
687
707
712
713
715
722
731
737
761
762
764
770
777
779
780
782
783
788
789
791
794
797
800
801
802
804
805
806
808
817
819
824
827
828
834
835
836
837
838
840
841
842
843
844
845
846
847
848
849
850
851
852
855
856
859
860
861
862
863
864
865
866
867
868
870
874
879
882
885
892
893
896
899
919
920
921
923
925
927
929
930
934
935
936
937
938
939
1090
1091
1092
1093
1094
1095
1100
1105
1106
1115
1121
1126
1131
1135
1154
1159
1164
1165
1172
1178
1179
1181
1182
1187
1192
1208
1214
1217
1218
1225
1234
1239
1240
1241
1244
1250
1255
1264
1267
1272
1285
1288
1294
1299
1304
1309
1315
1321
1327
1333
1338
1344
1360
1366
1369
1374
1380
1386
1392
1404
1408
1414
1419
1425
1434
1435
1438
1440
1443
1449
1453
1459
1484
1485
1488
1493
1496
1499
1526
1527
1531
1533
1536
1537
1538
1546
1548
1549
1553
1558
1559
1562
1658
1663
1668
1669
1670
1674
1677
1680
1685
1694
1705
1710
1715
1721
1727
1737











